42.27166144598919
42.312596725464594
 42.36569984586877
 42.29278842433874
 42.310269344309944
 42.28141034807461
 42.36151304869578
 42.35074244990026
 42.285726645033385
 42.326966943888785
 42.29598150117467
 42.35074244990026
 42.36402800685285
 42.33487308948349
 42.34746283310742
 42.25609212813607
 42.273788581594594
 42.31388823898611
 42.264762803305864
 42.26194848155655
 42.34980174544625
 42.341855988874876
 42.26956732010802
 42.25108518713237
 42.323063580353995
 42.29281124453192
 42.27810732505738
 42.285459219985285
 42.316321740597466
 42.25874106305607
 42.31975778298231
 42.30524457403058
 42.30385490479877
 42.29426595031502
 42.29869499455359
 42.30600938752679
 42.34041044398112
 42.340590408115325
 42.26757332388955
 42.29255617425302
 42.35487365146457
 42.287093552591074
 42.34857651533871
 42.320665764510814
 42.33483154926247
 42.35925396027534
 42.38574367665544
 42.352510521284685
 42.29131612789713
 42.36580174881432
 42.33744151891778
 42.32283758702996
 42.32553800747193
 42.34188295840222
 42.27967051059362
 42.320665343804976
 42.271937508814425
 42.339541989830174
 42.34150501058682
 42.30536545048981
 42.35170571387404
 42.35237072724096
 42.33798932384219
 42.339541989830174
 42.33139503991941
 42.284580268556105
 42.380482070196415
 42.31993339830176
 42.28785436891502
 42.335434388463874
 42.34905600030503
 42.35074197291232
 42.33281995479873
 42.34425815584919
 42.34980174544625
 42.35512339036803
 42.25621592040215
 42.36908119485497
 42.35145995977855
 42.28482576580487
 42.326091483558116
 42.35170571387404
 42.31865146760126
 42.31139480350933
 42.30085931086925
 42.34996240307132
 42.290409230590654
 42.30455371914908
 42.32401892786159
 42.28539021967645
 42.37215880290139
 42.30888817158388
 42.27615691256161
 42.33538443957382
 42.31635508006854
 42.33954245356437
 42.33498448494313
 42.3754698301692
 42.319932952772376
 42.28414024982015
 42.29755532959651
 42.29755532959651
 42.32775523388773
 42.29182834849583
 42.30942146984607
 42.33961847541719
 42.364126618602604
 42.287093552591074
 42.3717238850215
 42.33848235928049
 42.29755532959651
 42.29384268465963
 42.350735956680836
 42.341287504390436
 42.30896999278803
 42.345075000393805
 42.28482576580487
 42.293776751239335
 42.34496728455054
 42.32553800747193
 42.29755532959651
 42.34123770877118
 42.25777765180006
 42.35074197291232
 42.339541989830174
 42.28926780399773
 42.287093552591074
 42.341287504390436
 42.33374642562814
 42.35074197291232
 42.381325051436406
 42.381325051436406
 42.34413021536822
 42.331358979012556
 42.359721364854025
 42.33428840659414
 42.33210842949491
 42.26716725505801
 42.315572849722614
 42.287093552591074
 42.3104339974624
 42.35512339036803
 42.36183856656472
 42.36416781086197
 42.350597169829875
 42.29481426184952
 42.34802569808531
 42.33930274880019
 42.29234068370162
 42.30799597125227
 42.347024794823625
 42.28362830278811
 42.29451036761236
 42.309718567672725
 42.28513256551004
 42.35170571387404
 42.35645002271107
 42.27615691256161
 42.37620266818905
 42.380482070196415
 42.33653701417095
 42.34146609961143
 42.339541989830174
 42.339541989830174
 42.33428840659414
 42.335062177633304
 42.34531664421557
 42.309718567672725
 42.318783391770275
 42.284113729223066
 42.32487749922206
 42.3463537670452
 42.34840576247316
 42.33700200415136
 42.3009548788111
 42.31224326993691
 42.341287504390436
 42.33767953944259
 42.332385330699765
 42.29755532959651
 42.393272884514076
 42.33962337739586
 42.33767952467607
 42.34190865994389
 42.309718567672725
 42.292777965403225
 42.343293360169966
 42.36856801861522
 42.34241505478679
 42.35095908794592
 42.39109683419473
 42.28482576580487
 42.30336786534609
 42.31822997691604
 42.339541989830174
 42.318156827535226
 42.34905600030503
 42.27855983805538
 42.33428840659414
 42.376631668132326
 42.342439448304205
 42.373719149575514
 42.33437384101243
 42.29755532959651
 42.267010852590204
 42.326966471363875
 42.33826693830006
 42.29828461083045
 42.285994590168386
 42.36293659676809
 42.32969517339545
 42.28482576580487
 42.32866283555607
 42.27783169451306
 42.29389648357483
 42.27868828335388
 42.27800680964021
 42.33414701533042
 42.30081045704104
 42.32104169057078
 42.3342888658756
 42.28482619388214
 42.34189304176827
 42.31514178542719
 42.346188206022006
 42.309563048522136
 42.3342888658756
 42.34410759750239
 42.245127380456815
 42.25943499662582
 42.32576945113658
 42.293836479904485
 42.30209489034028
 42.28463778008632
 42.32889803190131
 42.28482619388214
 42.328538872923815
 42.291448920234174
 42.317417873188816
 42.349007766420016
 42.31795047497214
 42.31975778298231
 42.31857589932556
 42.31857589932556
 42.328663276596025
 42.28709390180178
 42.34905600030503
 42.33930464441412
 42.32474136452328
 42.29633660710389
 42.34353469307891
 42.335062177633304
 42.346742378849285
 42.34279533386022
 42.24873814849867
 42.276420025235836
 42.30417845419029
 42.295664968953695
 42.34128798773639
 42.35074197291232
 42.376631668132326
 42.291092873407614
 42.319439662182155
 42.34438997678477
 42.30889361672489
 42.313749998789326
 42.30134471303899
 42.339541989830174
 42.350378699776456
 42.33930274880019
 42.287828824917376
 42.296662487339745
 42.339541989830174
 42.29351143615223
 42.326966943888785
 42.33740280976917
 42.33740280976917
 42.28482576580487
 42.28429475516264
 42.28482576580487
 42.30927790374443
 42.33380237768218
 42.30896999278803
 42.33926764213503
 42.31275030706895
 42.39035323141124
 42.335062177633304
 42.31753807109601
 42.36537479642044
 42.26066513210197
 42.33735838653171
 42.28414024982015
 42.34571257475245
 42.33936768118277
 42.26216908602964
 42.29755532959651
 42.2904153812114
 42.28701737735205
 42.350661739044675
 42.3559193485328
 42.31919285804593
 42.36240280767195
 42.34241351939664
 42.34862381555496
 42.35042608570894
 42.33538443957382
 42.31835468130977
 42.353298075694596
 42.28482576580487
 42.353002465193654
 42.32866283555607
 42.34905600030503
 42.335559540812085
 42.290918673274376
 42.33961961800693
 42.344126218792425
 42.32008771597759
 42.34968871828579
 42.27372384509962
 42.277579641539674
 42.33806781872088
 42.34728100151713
 42.30316090750073
 42.3559193485328
 42.34717363218258
 42.27209461990793
 42.35218613361745
 42.33152148278477
 42.29755532959651
 42.3512000195171
 42.25621592040215
 42.35170571387404
 42.333951248393774
 42.27554043406735
 42.33383935149921
 42.32270922185721
 42.28482576580487
 42.333951248393774
 42.34089504254255
 42.33428840659414
 42.27022180863159
 42.2914410021037
 42.34425778968061
 42.36240280767195
 42.29755532959651
 42.36398003670001
 42.29733659702026
 42.34862381555496
 42.272460093453795
 42.320008703557235
 42.319314970092705
 42.329553539112425
 42.306492829806466
 42.29755532959651
 42.33210842949491
 42.26909850962396
 42.29166311348022
 42.32930002919975
 42.28519773791393
 42.34508095295642
 42.32866283555607
 42.369673777014945
 42.3342775375727
 42.33865383003086
 42.34857651533871
 42.339541989830174
 42.3612220068087
 42.35438252130536
 42.36772441173809
 42.341287504390436
 42.28251404299281
 42.287505257671874
 42.31635597518883
 42.34988574548002
 42.36643546331782
 42.27253605547713
 42.28338794911048
 42.26985916134843
 42.33076941683258
 42.327834927685025
 42.309718567672725
 42.35170571387404
 42.33825584569846
 42.33375960544857
 42.36183856656472
 42.28197224183185
 42.337509209436874
 42.344126277906106
 42.365450023063765
 42.333182991623104
 42.297943043256176
 42.37505251084624
 42.297943043256176
 42.33105504209543
 42.30878855078293
 42.341287504390436
 42.34939238310023
 42.28020819435313
 42.32866283555607
 42.3013915558631
 42.338288656408324
 42.341287504390436
 42.35241814728605
 42.36062746154263
 42.33428840659414
 42.28482576580487
 42.29755532959651
 42.287093552591074
 42.35170571387404
 42.31693790570531
 42.33691995379184
 42.32019752446046
 42.30284828074469
 42.310268910354935
 42.33136931178346
 42.381325051436406
 42.306006568289995
 42.34988574548002
 42.311437580434344
 42.3787591988497
 42.309718567672725
 42.35186740533659
 42.30819248032099
 42.33663731520691
 42.35193460488232
 42.25621592040215
 42.30137775148978
 42.35074197291232
 42.26536513248106
 42.29755532959654
 42.34552337349159
 42.325573981907716
 42.296015656059
 42.323248278577886
 42.380537829438396
 42.3177559369682
 42.36108178823767
 42.377463048630965
 42.30978746396174
 42.33174861485477
 42.31584635857955
 42.3099905229386
 42.36020463583607
 42.29755532959654
 42.328725885720274
 42.309718567672725
 42.31258278335251
 42.26194848155655
 42.34905600030505
 42.30238880594286
 42.346501014456145
 42.36643546331781
 42.35972136485404
 42.3128605985453
 42.26117202826441
 42.33801747895875
 42.287093552591074
 42.314176068684134
 42.34905600030505
 42.375583776946634
 42.35110202802513
 42.31538436307495
 42.34160356554981
 42.365730270907335
 42.266812536355985
 42.264474797582004
 42.269947316177856
 42.358922787510814
 42.34682749921355
 42.33933205153471
 42.34056706804614
 42.3555480569011
 42.36233439916555
 42.36394508860797
 42.28265603684102
 42.33869635280313
 42.31969457905043
 42.34890733796048
 42.3173547171079
 42.34160356554981
 42.29755532959654
 42.34336892040785
 42.29057503810382
 42.35940236777742
 42.34862381555496
 42.33285027188771
 42.311437580434344
 42.37620266818902
 42.320914192258
 42.29755532959654
 42.34221569602063
 42.328254978665186
 42.348890220727796
 42.27969589475781
 42.36731951591732
 42.35162789264182
 42.351259015581185
 42.381338884829404
 42.352405712474955
 42.289861341729555
 42.30349506025106
 42.26932097739882
 42.31596900051564
 42.348131583049685
 42.33614948406656
 42.25940182692427
 42.331528676022835
 42.3221862292691
 42.381325051436406
 42.28519773791395
 42.292904895007965
 42.31786076011006
 42.289816964131205
 42.28482576580487
 42.29755532959654
 42.311912240947265
 42.27608818080868
 42.32742591182292
 42.25390699857732
 42.34905600030505
 42.2680942701288
 42.309184187617056
 42.341287504390436
 42.29755532959654
 42.245033212864655
 42.29755532959654
 42.274196902165265
 42.313247595765965
 42.288502040434764
 42.29681642432516
 42.29755532959654
 42.34999732725388
 42.3483570775571
 42.287093552591074
 42.34822741305731
 42.33954198983015
 42.329621072649225
 42.376631668132326
 42.361778268079426
 42.276930855950646
 42.33485455741122
 42.27064205482625
 42.309563048522136
 42.36542501541604
 42.33954198983015
 42.30262129341521
 42.34262866355351
 42.34904108343888
 42.30422028595804
 42.28482576580487
 42.287093552591074
 42.34667541928357
 42.33954198983015
 42.29182297819695
 42.263667087539915
 42.314660615609654
 42.24525123565882
 42.34999732725388
 42.33954198983015
 42.39214602839011
 42.33044113294782
 42.26536513248106
 42.338362721064684
 42.331780532337284
 42.32866283555609
 42.2969161205756
 42.37789564644705
 42.34416700908112
 42.3321084294949
 42.27959103319927
 42.35265112090707
 42.34329794595815
 42.33520050294618
 42.33601451630605
 42.344126218792425
 42.35143482577502
 42.28020819435313
 42.37700233573044
 42.34905600030505
 42.378109260571065
 42.35521624826938
 42.320268205336056
 42.36339790491147
 42.309718567672725
 42.33418174963894
 42.32283758702995
 42.34799065106291
 42.294207693999674
 42.379531056552366
 42.30209442501829
 42.348779979302435
 42.29389648357483
 42.29906324678626
 42.33954198983015
 42.309718567672725
 42.36901261190326
 42.29267317827884
 42.358922787510814
 42.324288407901484
 42.279927264594434
 42.37027343921903
 42.36542501541604
 42.33258958106699
 42.3019689667339
 42.32866283555609
 42.31127725586285
 42.28482576580487
 42.32127430079857
 42.276388289122174
 42.34329794595815
 42.25621592040215
 42.316240188860284
 42.27608743571948
 42.32087449165486
 42.33611199552338
 42.36870996030248
 42.30171652593306
 42.28788932440643
 42.36183856656471
 42.35486541511819
 42.341287504390436
 42.28482576580487
 42.32469442576835
 42.309718567672725
 42.33954198983015
 42.29755532959654
 42.272254731144486
 42.356970026489414
 42.30938437411931
 42.339304157142244
 42.351080028866924
 42.33954198983015
 42.2969161205756
 42.33285027188771
 42.344126218792425
 42.31768160569889
 42.33954198983015
 42.3342194178955
 42.33739824250481
 42.30896999278798
 42.29104500707578
 42.32047753392141
 42.3490110909821
 42.28588737075361
 42.28482576580487
 42.34615177581396
 42.32866283555609
 42.2963880134778
 42.28482576580487
 42.274196902165265
 42.286544867650136
 42.28164734782151
 42.324801492469625
 42.30648895505147
 42.31890234700265
 42.329862422232516
 42.279927264594434
 42.31012618485695
 42.309718567672725
 42.334914962732086
 42.3473097976345
 42.28510069986002
 42.31696649906327
 42.283802307162524
 42.346331241603146
 42.30638315863611
 42.30724276064386
 42.309718567672725
 42.30250605365452
 42.309718567672725
 42.28130404462422
 42.27096440368107
 42.381325051436406
 42.28302729098172
 42.358726158647855
 42.28574986205683
 42.35320826383885
 42.28482576580487
 42.35721566830635
 42.324755084363204
 42.3520234263161
 42.305815314114696
 42.28862665321918
 42.3264396301492
 42.309718567672725
 42.32026165141315
 42.29755532959654
 42.27544326481589
 42.31538436307495
 42.32082220816587
 42.328657016948966
 42.315875628225506
 42.25621592040215
 42.338570000324516
 42.33355202445924
 42.26983458121419
 42.38093345419427
 42.309718567672725
 42.29881968047559
 42.379072586262645
 42.29569679795327
 42.313641825216706
 42.27133005275698
 42.29755532959654
 42.309718567672725
 42.333263230421025
 42.32930935458356
 42.35222124703064
 42.30322490327366
 42.2820819767197
 42.34133200054773
 42.25771522540581
 42.361243268691666
 42.284665680941735
 42.32866283555609
 42.3216292605135
 42.362101448749286
 42.30203901515463
 42.33001317799979
 42.376631668132326
 42.278399201130526
 42.31811989450886
 42.3085990291689
 42.30098009300777
 42.309718567672725
 42.31193402820025
 42.38425125528692
 42.3040173031959
 42.276930855950646
 42.309718567672725
 42.320819645203514
 42.35407455882688
 42.32866283555609
 42.379047987730694
 42.298619882369294
 42.306093561620855
 42.34268073106138
 42.30953733850145
 42.341287504390436
 42.33331284849899
 42.29755532959654
 42.31514178542719
 42.2945991397184
 42.25621592040215
 42.28657528868626
 42.324160152667226
 42.34425778968061
 42.35103603557788
 42.29276044402338
 42.361109635987646
 42.351705713874026
 42.27976918215119
 42.3402527878398
 42.37782671339332
 42.28029154525714
 42.309718567672725
 42.361481629441805
 42.354484015989435
 42.287093552591074
 42.31666790510367
 42.290689082245706
 42.28976255154329
 42.36643546331781
 42.2957894918126
 42.33954198983015
 42.381325051436406
 42.26283035378142
 42.29268947639087
 42.346666004828606
 42.30460133314824
 42.35241814728605
 42.369580904989554
 42.352366000665285
 42.309718567672725
 42.33954198983015
 42.314660615609654
 42.28518955028397
 42.32401892786159
 42.271302253720194
 42.29286095500932
 42.309718567672725
 42.34058996058113
 42.333639009540306
 42.36643546331781
 42.324833012609474
 42.310268910354935
 42.26623735462043
 42.35000491713694
 42.381325051436406
 42.35450139025595
 42.33136931178347
 42.37810753688768
 42.323200404110715
 42.31193402820025
 42.343599328932186
 42.317715341841264
 42.291448450245525
 42.34657496862652
 42.34731412569645
 42.341287504390436
 42.31917222892098
 42.340216111392465
 42.36956222193775
 42.32902468895483
 42.35232814102035
 42.28482576580487
 42.289275017552306
 42.3778757322659
 42.28356103999736
 42.29057503810382
 42.30497496796635
 42.3280996604115
 42.27041447830027
 42.37382755162133
 42.27141481952341
 42.35053820301342
 42.314998034193316
 42.32952035449149
 42.287093552591074
 42.33523403444787
 42.34583760083258
 42.36643546331781
 42.341287504390436
 42.33698999146738
 42.336408912243314
 42.29755532959654
 42.32866283555609
 42.32802058164758
 42.31197820578716
 42.345785417352936
 42.28707261782677
 42.328725885720274
 42.37736388420164
 42.348131583049685
 42.31893877984039
 42.31013569338284
 42.356098962789204
 42.287093552591074
 42.26713351990255
 42.31129586644111
 42.270646325939204
 42.25966056592837
 42.25286707292801
 42.315983787793215
 42.33954198983015
 42.27421807677301
 42.309718567672725
 42.36780297149179
 42.310969527510494
 42.31681126389855
 42.24525123565882
 42.35883603927024
 42.3517428213977
 42.33954198983015
 42.326398442646365
 42.31201451087895
 42.34585624769421
 42.33677804014705
 42.27855983805538
 42.325976901270025
 42.35176856085976
 42.340079960867996
 42.281742307407576
 42.340285737222054
 42.32169216089893
 42.37977165646906
 42.28099738934309
 42.33954198983015
 42.35108143891758
 42.33954198983015
 42.345691000233955
 42.27071956378763
 42.318148362750435
 42.309718567672725
 42.28882470063759
 42.29755532959654
 42.35348228783054
 42.34201849799731
 42.33954198983015
 42.29755532959654
 42.30878855078293
 42.31420203131308
 42.33954198983015
 42.33954198983015
 42.32075532730373
 42.32332361551663
 42.333806832520494
 42.38423979259204
 42.355001229037704
 42.34266945543176
 42.33129727061906
 42.32171348679169
 42.31444840358419
 42.351705713874026
 42.32866283555609
 42.3168446195132
 42.30030818763236
 42.299576347354886
 42.27305613875107
 42.33593698434546
 42.34946443646393
 42.30339098744011
 42.341287504390436
 42.371438152326725
 42.331829609145
 42.28339069344123
 42.31872543826344
 42.351761790333796
 42.341287504390436
 42.298508502016205
 42.309718567672725
 42.3517428213977
 42.34868917396023
 42.27133005275698
 42.2682019814581
 42.35559998523454
 42.305766857733985
 42.35634995804501
 42.35426247072012
 42.33181879829453
 42.34526298177495
 42.33954198983015
 42.29755532959654
 42.32565279814551
 42.34201849799731
 42.25621592040215
 42.376631668132326
 42.34329794595815
 42.326142997537325
 42.27195474389142
 42.29234901293457
 42.334024613103054
 42.35438252130536
 42.307176954411574
 42.30938437411931
 42.317715341841264
 42.31969457905043
 42.321882589190494
 42.349019543947925
 42.37476243456235
 42.355611008114224
 42.326966471363875
 42.29366069686192
 42.29890324013278
 42.348112191871124
 42.35182904120279
 42.293851828244264
 42.381325051436406
 42.3179047628251
 42.37696764850062
 42.35955832758233
 42.349019543947925
 42.37679993981865
 42.27650960889648
 42.345691000233955
 42.318572047973426
 42.307611102229444
 42.32386049638958
 42.326924834818456
 42.35961316059378
 42.376631668132326
 42.3473097976345
 42.36456599190373
 42.326398442646365
 42.36169720241245
 42.337159944010885
 42.346443024884955
 42.35234140419859
 42.285703529889595
 42.35988372230728
 42.29837812114172
 42.32525338480491
 42.315085180342244
 42.35501071581168
 42.3713057201735
 42.32866283555609
 42.344126277906106
 42.30356644392372
 42.339642086881376
 42.33840140224839
 42.33052597262523
 42.381325051436406
 42.29348707601054
 42.312260978047426
 42.309718567672725
 42.29422547156492
 42.351031045929325
 42.33278568601617
 42.35521428732261
 42.28518630563442
 42.36454403954076
 42.34905600030505
 42.28479778714041
 42.30260670326732
 42.35162789264182
 42.34020387362647
 42.3473097976345
 42.30421671494094
 42.25867637447586
 42.25654894529712
