-71.09953381947697
 -71.09287521197788
 -71.052891614826
 -71.08851887959194
 -71.0893099278548
 -71.13354923062269
 -71.1334738049754
 -71.06006087926775
 -71.16617242268981
 -71.06198554191644
 -71.08975987113469
 -71.06006087926775
 -71.1196284437359
 -71.08504594781867
 -71.09826540629957
 -71.12079615433161
 -71.12006473086909
 -71.06586509095371
 -71.14657353502703
 -71.1097161253539
 -71.07840978002983
 -71.0570585742639
 -71.09074977567198
 -71.14421895622911
 -71.07709817898672
 -71.0732753152152
 -71.116364477051
 -71.11802592358117
 -71.08922988803546
 -71.1260751503175
 -71.0542888887518
 -71.0748374009579
 -71.06087527197236
 -71.05968486987166
 -71.07555205657886
 -71.11322032285975
 -71.14372962922079
 -71.08173944604856
 -71.15009712273826
 -71.11974225022976
 -71.05861218049148
 -71.14822128377165
 -71.07772011862542
 -71.10004924891845
 -71.07904079286855
 -71.05947696158447
 -71.01186956910173
 -71.06719118540572
 -71.07170292796064
 -71.06538256844745
 -71.10428095571272
 -71.10096722512631
 -71.06579591901075
 -71.07817738146181
 -71.08887825508737
 -71.10004987256168
 -71.09213540014078
 -71.06940876967543
 -71.08833673494652
 -71.06812631858308
 -71.11989955508469
 -71.0722717251454
 -71.08003745874713
 -71.06940876967543
 -71.10141797558657
 -71.0808324363608
 -71.06087725234303
 -71.0815733680929
 -71.08679617691907
 -71.08076683555426
 -71.15049849975023
 -71.06006134581432
 -71.07439998776083
 -71.14383553825324
 -71.07840978002983
 -71.06087979851637
 -71.12401947329023
 -71.04021570936975
 -71.08047003556173
 -71.09137368938804
 -71.10492219970321
 -71.11989955508469
 -71.08162285612738
 -71.07384944869246
 -71.08128807752927
 -71.14762530579942
 -71.07693574277538
 -71.082953663996
 -71.09680778715371
 -71.08457729516833
 -71.03852378203004
 -71.11553036734182
 -71.09550303038291
 -71.10677964872764
 -71.06593852814777
 -71.06940825713008
 -71.0519270832204
 -71.03730221130625
 -71.08157395179997
 -71.09305137909429
 -71.05970910242573
 -71.05970910242573
 -71.0525683693145
 -71.11780085454099
 -71.07460029011446
 -71.08285580331425
 -71.05729215410332
 -71.14822128377165
 -71.04039019749979
 -71.15288977776044
 -71.05970910242573
 -71.07609426967518
 -71.17204901159796
 -71.05467932649397
 -71.08284838641052
 -71.07612300150303
 -71.09137368938804
 -71.16195922709326
 -71.0638222387923
 -71.06579591901075
 -71.05970910242573
 -71.0682754202783
 -71.11906854485365
 -71.06006134581432
 -71.06940876967543
 -71.1301727970835
 -71.14822128377165
 -71.05467932649397
 -71.07020353462659
 -71.06006134581432
 -71.02804009578
 -71.02804009578
 -71.06650337455858
 -71.04196297152804
 -71.05852360114129
 -71.07239517543796
 -71.07014394813551
 -71.15073491192315
 -71.07503392904671
 -71.14822128377165
 -71.06134009762133
 -71.06087979851637
 -71.05976489094158
 -71.05407040755179
 -71.07881030689929
 -71.07200870966095
 -71.09622619865905
 -71.07912378357409
 -71.04803995551818
 -71.06103882073785
 -71.08516365454005
 -71.0934955275648
 -71.07197241090022
 -71.10429431787648
 -71.17218092981851
 -71.11989955508469
 -71.0619800066921
 -71.09550303038291
 -71.03979926160174
 -71.06087725234303
 -71.07927105177906
 -71.09082781233604
 -71.06940876967543
 -71.06940876967543
 -71.07239517543796
 -71.0931678123782
 -71.14298077701667
 -71.10429431787648
 -71.09074228463578
 -71.07938716907263
 -71.10316435225424
 -71.0762378541931
 -71.08688338740227
 -71.09714000528234
 -71.06537601413639
 -71.07549900660268
 -71.05467932649397
 -71.05715260805914
 -71.03016099292432
 -71.05970910242573
 -71.00793914033349
 -71.10649736990383
 -71.07529118635851
 -71.08716089853546
 -71.10429431787648
 -71.16989709396327
 -71.05610471263269
 -71.04121708085367
 -71.0952111413638
 -71.07412780075079
 -71.00393957070358
 -71.09137368938804
 -71.0682722144248
 -71.06176239863001
 -71.06940876967543
 -71.06432254922922
 -71.15049849975023
 -71.09199697424748
 -71.07239517543796
 -71.05593195497872
 -71.08445529920462
 -71.03433353978672
 -71.07793187995318
 -71.05970910242573
 -71.12096171295192
 -71.06198606584844
 -71.08176398745998
 -71.07869384728133
 -71.08925760883324
 -71.05253752481674
 -71.07044356210206
 -71.09137368938804
 -71.08563401183545
 -71.12420165854496
 -71.08451577163302
 -71.11734354253124
 -71.13733642349509
 -71.09470130135752
 -71.06705006662355
 -71.07215290722797
 -71.07239464444785
 -71.09137300511448
 -71.07408311947468
 -71.06704709164647
 -71.07852732952166
 -71.08990196681204
 -71.07239464444785
 -71.10180202413706
 -71.12162513000796
 -71.14797976716817
 -71.07245816200736
 -71.051573907421
 -71.06575124469722
 -71.14427813379359
 -71.09359441868962
 -71.09137300511448
 -71.07596246264407
 -71.06171876137239
 -71.05916862165398
 -71.13860042894159
 -71.09617098563778
 -71.0542888887518
 -71.08767243434772
 -71.08767243434772
 -71.0856334385083
 -71.14822047635924
 -71.15049849975023
 -71.05160375700562
 -71.10491786978682
 -71.0743216393103
 -71.09980108837289
 -71.0931678123782
 -71.08970930768729
 -71.07155119524083
 -71.11768375474914
 -71.09359005264058
 -71.07600128996584
 -71.05887703541188
 -71.0546788509421
 -71.06006134581432
 -71.05593195497872
 -71.06594539035744
 -71.09467467086675
 -71.05311202255577
 -71.074104735197
 -71.06792001303349
 -71.067592765233
 -71.06940876967543
 -71.07626098382806
 -71.07912378357409
 -71.0799228772516
 -71.06121777476518
 -71.06940876967543
 -71.07778766575197
 -71.06198554191644
 -71.08221532704495
 -71.08221532704495
 -71.09137368938804
 -71.09549041774531
 -71.09137368938804
 -71.0786879089706
 -71.08880867211724
 -71.08284838641052
 -71.07208833441568
 -71.0938873579778
 -71.0051911031885
 -71.0931678123782
 -71.08800620382246
 -71.06154161481645
 -71.15932968005231
 -71.14730967872934
 -71.09305137909429
 -71.0885162810066
 -71.07035466731526
 -71.1218555816799
 -71.05970910242573
 -71.07269541581304
 -71.07706452690711
 -71.06602231696822
 -71.06000538982028
 -71.07646789491655
 -71.06954651677968
 -71.14460462359891
 -71.08277637086411
 -71.16637331934788
 -71.10677964872764
 -71.07743356313179
 -71.1350494761337
 -71.09137368938804
 -71.04502270361397
 -71.08563401183545
 -71.15049849975023
 -71.07436363774369
 -71.0876781299809
 -71.07699236739418
 -71.09760877682287
 -71.09841452127122
 -71.07711255938216
 -71.09449410724578
 -71.16274799376747
 -71.10978196526158
 -71.08774198434068
 -71.08515551897415
 -71.06000538982028
 -71.09644389479354
 -71.11778510400276
 -71.08452171291772
 -71.0708530659426
 -71.05970910242573
 -71.0598699744435
 -71.12401947329023
 -71.11989955508469
 -71.07538938822692
 -71.10480964882943
 -71.08029038288038
 -71.09932316830728
 -71.09137368938804
 -71.07538938822692
 -71.0856609835559
 -71.07239517543796
 -71.09892735764647
 -71.12180197262519
 -71.14383620746543
 -71.06954651677968
 -71.05970910242573
 -71.06049001849333
 -71.087296041594
 -71.08277637086411
 -71.10352420523184
 -71.05915524231123
 -71.04631265358486
 -71.09357443990531
 -71.08180676829282
 -71.05970910242573
 -71.07014394813551
 -71.0936145778819
 -71.05732414283277
 -71.08249004995483
 -71.06775109770544
 -71.06890971116587
 -71.08563401183545
 -71.04155053843223
 -71.1029521088075
 -71.04696013718495
 -71.07772011862542
 -71.06940876967543
 -71.0655389914911
 -71.05213281112022
 -71.03706812860028
 -71.05467932649397
 -71.1574790534355
 -71.0921214309198
 -71.08284993945745
 -71.14522971041998
 -71.06135412537031
 -71.13622919140009
 -71.09639405755131
 -71.09346353325522
 -71.07766482167878
 -71.07154483407915
 -71.10429431787648
 -71.11989955508469
 -71.1088008749455
 -71.09574008627867
 -71.05976489094158
 -71.0891245886923
 -71.05582442514752
 -71.0994277699999
 -71.06112505307046
 -71.08307607362481
 -71.0517583718865
 -71.03883890747089
 -71.0517583718865
 -71.08273194165699
 -71.09055618260567
 -71.05467932649397
 -71.07457981084212
 -71.17087959378422
 -71.08563401183545
 -71.05907878241838
 -71.07908476334289
 -71.05467932649397
 -71.06525498581209
 -71.05601800089705
 -71.07239517543796
 -71.09137368938804
 -71.05970910242573
 -71.14822128377165
 -71.11989955508469
 -71.10687901206359
 -71.14960316458084
 -71.06641760583173
 -71.06808925882889
 -71.08931055058088
 -71.11185115618986
 -71.02804009578
 -71.06929248245699
 -71.14522971041998
 -71.1092636344031
 -71.05598086096039
 -71.10429431787648
 -71.12290572085581
 -71.07538578801623
 -71.05066453095277
 -71.06048592223925
 -71.12401947329023
 -71.05971353812065
 -71.06006134581432
 -71.0987281804917
 -71.05970910242573
 -71.15183870981669
 -71.05248129593957
 -71.05766432058972
 -71.07344038215412
 -71.03848019268654
 -71.06673387638075
 -71.05698343957071
 -71.06697969407311
 -71.08503095846625
 -71.09694067798385
 -71.09824824584422
 -71.10588122376024
 -71.0562081611498
 -71.05970910242573
 -71.08382216968015
 -71.10429431787648
 -71.07290448955423
 -71.1097161253539
 -71.15049849975023
 -71.08539388215601
 -71.13612792266056
 -71.06135412537031
 -71.05852360114129
 -71.09572779926056
 -71.15703002958432
 -71.04905688393775
 -71.14822128377165
 -71.05850297659539
 -71.15049849975023
 -71.05182911471677
 -71.05735186002936
 -71.09870021376588
 -71.09771750293561
 -71.05698285561088
 -71.09566961413732
 -71.16386744061286
 -71.09380307519207
 -71.0583535444055
 -71.14319086479756
 -71.0916810468812
 -71.15074576951886
 -71.0607313972787
 -71.13838137609898
 -71.05942841351614
 -71.07374541091508
 -71.07139879300449
 -71.10003720976789
 -71.0718933046936
 -71.06582970165483
 -71.09771750293561
 -71.05970910242573
 -71.10472157996621
 -71.07165726135959
 -71.06376306053026
 -71.08277637086411
 -71.044172490888
 -71.1092636344031
 -71.03979926160173
 -71.07546292723984
 -71.05970910242573
 -71.06780594316902
 -71.05779952650788
 -71.16088457992507
 -71.11832827254405
 -71.05789055441923
 -71.06866409706335
 -71.06009370518534
 -71.03080681822658
 -71.06227809203807
 -71.13150647959667
 -71.0747850458997
 -71.1720493822165
 -71.06625300015122
 -71.08027001562783
 -71.07406908147748
 -71.11731569564567
 -71.06721697520787
 -71.08798057101451
 -71.02804009577999
 -71.06775109770543
 -71.11671099338636
 -71.04118489674086
 -71.06760634114863
 -71.09137368938802
 -71.05970910242573
 -71.11246234961222
 -71.07445442779269
 -71.07702562168143
 -71.12331666857209
 -71.15049849975023
 -71.09909969547896
 -71.06553968822408
 -71.05467932649397
 -71.05970910242573
 -71.12354978143908
 -71.05970910242573
 -71.10738224716263
 -71.08692602956602
 -71.0837151555164
 -71.04853784495945
 -71.05970910242573
 -71.08103440327558
 -71.13645290629043
 -71.14822128377165
 -71.14075262166958
 -71.06940876967543
 -71.0576382733102
 -71.05593195497872
 -71.06262874313094
 -71.08631705983208
 -71.03023429691959
 -71.09587907849917
 -71.08990196681202
 -71.0595764919967
 -71.06940876967543
 -71.07918398721611
 -71.08051920844898
 -71.06951498765477
 -71.07840373666716
 -71.09137368938802
 -71.14822128377165
 -71.06695767619144
 -71.06940876967543
 -71.07173416696516
 -71.10918030458527
 -71.07623072311833
 -71.13465320786364
 -71.08103440327558
 -71.06940876967543
 -71.0089392217843
 -71.08373480990272
 -71.0987281804917
 -71.15441001220513
 -71.04941450520695
 -71.08563401183545
 -71.08363893954082
 -71.05840763816407
 -71.1035910724952
 -71.07014394813551
 -71.08132257574368
 -71.04757739449768
 -71.06458096424923
 -71.0354081233095
 -71.05139619090816
 -71.09760877682287
 -71.06969334275597
 -71.17087959378422
 -71.05678879455508
 -71.15049849975023
 -71.0521316621521
 -71.06012863469122
 -71.0815049425355
 -71.05600208188557
 -71.10429431787648
 -71.078664414317
 -71.10096722512631
 -71.06257299940742
 -71.04975975412847
 -71.03822657431797
 -71.06575183262441
 -71.13550133516671
 -71.08451577163302
 -71.11183410490047
 -71.06940876967543
 -71.10429431787648
 -71.03725425714282
 -71.12329311292528
 -71.0583535444055
 -71.06343261589177
 -71.15938699561777
 -71.03974075545851
 -71.0595764919967
 -71.1003137649898
 -71.06210064020803
 -71.08563401183545
 -71.08909334113278
 -71.09137368938802
 -71.11030469114053
 -71.15203499062103
 -71.06458096424923
 -71.12401947329023
 -71.1126701066929
 -71.16342038809553
 -71.09190003328794
 -71.04665434223368
 -71.03747999965968
 -71.05991401307666
 -71.1265858526016
 -71.05976489094158
 -71.13259322456055
 -71.05467932649397
 -71.09137368938802
 -71.10087901665398
 -71.10429431787648
 -71.06940876967543
 -71.05970910242573
 -71.13167145247971
 -71.05877596486114
 -71.08262277183324
 -71.05160423007139
 -71.06488998215816
 -71.06940876967543
 -71.08363893954082
 -71.044172490888
 -71.09760877682287
 -71.10064790340174
 -71.06940876967543
 -71.07434615707857
 -71.076821063853
 -71.08284838641052
 -71.07694410278818
 -71.07273672689453
 -71.13042369207795
 -71.04072589453544
 -71.09137368938802
 -71.07404346638792
 -71.08563401183545
 -71.08046503040822
 -71.09137368938802
 -71.10738224716263
 -71.04433229857247
 -71.07111847826484
 -71.08831277315586
 -71.10747895231846
 -71.06337355825141
 -71.0942549292287
 -71.15938699561777
 -71.05832876290495
 -71.10429431787648
 -71.07518494048284
 -71.0791516658207
 -71.1351731259429
 -71.08254057648374
 -71.12836196710839
 -71.08924953105992
 -71.0843563469392
 -71.07558677313347
 -71.10429431787648
 -71.08329400039415
 -71.10429431787648
 -71.11573816610988
 -71.14625120511357
 -71.02804009577999
 -71.1268805281751
 -71.12982817996945
 -71.09215333779984
 -71.04647139951668
 -71.09137368938802
 -71.04995105452366
 -71.10425277159803
 -71.06463444937457
 -71.10962699790285
 -71.06350470755525
 -71.07577307525501
 -71.10429431787648
 -71.08600266985167
 -71.05970910242573
 -71.0981729399865
 -71.09870021376588
 -71.09731506282533
 -71.0834519549857
 -71.08310526400454
 -71.12401947329023
 -71.10670681008864
 -71.07351195090317
 -71.10003437244237
 -71.04023928671008
 -71.10429431787648
 -71.0657008368923
 -71.03386728292408
 -71.07214054903721
 -71.06316493273708
 -71.08299865022084
 -71.05970910242573
 -71.10429431787648
 -71.10848410156295
 -71.06898572019102
 -71.12607166835893
 -71.07039247002766
 -71.07364874515646
 -71.0807435012247
 -71.12249707050626
 -71.06497327027982
 -71.06602187804724
 -71.08563401183545
 -71.05541941470292
 -71.13964863627906
 -71.0600907160856
 -71.0911786335405
 -71.05593195497872
 -71.06636305093119
 -71.05673136089011
 -71.10539197129606
 -71.06869927503439
 -71.10429431787648
 -71.11429090218205
 -71.01381492456068
 -71.08050742854283
 -71.08631705983208
 -71.10429431787648
 -71.09787569178813
 -71.05533532946535
 -71.08563401183545
 -71.02982098381324
 -71.08511003826654
 -71.06718569960978
 -71.0993771381039
 -71.13134055764472
 -71.05467932649397
 -71.07322931598564
 -71.05970910242573
 -71.06704709164646
 -71.11638657364476
 -71.12401947329023
 -71.1215902084131
 -71.08732872883041
 -71.14383620746543
 -71.06492196326064
 -71.07486603407058
 -71.06741369227746
 -71.11989955508469
 -71.09829689609745
 -71.15447535693615
 -71.06950079941015
 -71.07220575569981
 -71.10429431787648
 -71.05719146219977
 -71.05914202893241
 -71.14822128377165
 -71.08401704648786
 -71.14500281709715
 -71.090898432037
 -71.06135412537031
 -71.05581807954191
 -71.06940876967543
 -71.02804009577999
 -71.10809202776294
 -71.0770281294832
 -71.14070971593542
 -71.11552138889174
 -71.06525498581209
 -71.03931443482647
 -71.0683360859912
 -71.10429431787648
 -71.06940876967543
 -71.07623072311833
 -71.08636593667929
 -71.0968077871537
 -71.07442361965835
 -71.15865657445889
 -71.10429431787648
 -71.08173998396222
 -71.0570180517022
 -71.06135412537031
 -71.10164757231014
 -71.08931055058088
 -71.16843345611866
 -71.06359053462322
 -71.02804009577999
 -71.05916774307988
 -71.11185115618986
 -71.06005041556433
 -71.09508127736893
 -71.11429090218205
 -71.14575674353763
 -71.09823048867534
 -71.0617193639743
 -71.07438649690918
 -71.13770455740506
 -71.05467932649397
 -71.07026434623484
 -71.10956117010433
 -71.03544833792223
 -71.08341504753118
 -71.12603095332854
 -71.09137368938802
 -71.07304197537454
 -71.03995208430882
 -71.07148904013323
 -71.07165726135959
 -71.07497172422069
 -71.06321676048991
 -71.12562863238172
 -71.04052458543525
 -71.08014338104022
 -71.14846032735936
 -71.09194485108642
 -71.08530640838333
 -71.14822128377165
 -71.07670602900356
 -71.1449213783549
 -71.06135412537031
 -71.05467932649397
 -71.07633994384379
 -71.0856503922073
 -71.05970910242573
 -71.08563401183545
 -71.07716876632838
 -71.09737434630921
 -71.08229419299832
 -71.08082447359803
 -71.08382216968015
 -71.05791376034846
 -71.08027001562783
 -71.09826196966804
 -71.07029309795223
 -71.13397604927047
 -71.14822128377165
 -71.11638125931705
 -71.07728269458529
 -71.09271880757129
 -71.1145339627989
 -71.11862185163596
 -71.07385464005843
 -71.06940876967543
 -71.06622077674469
 -71.10429431787648
 -71.03943328320705
 -71.08461835670155
 -71.09283154676281
 -71.13465320786364
 -71.06768405030932
 -71.06275940040133
 -71.06940876967543
 -71.11152626308467
 -71.0563227800223
 -71.0809952939999
 -71.09814995307778
 -71.09199697424748
 -71.05883485090526
 -71.06781157038074
 -71.05069754011183
 -71.09241593684587
 -71.07145448799103
 -71.1101002780966
 -71.02730040771826
 -71.12598873452622
 -71.06940876967543
 -71.07782174009363
 -71.06940876967543
 -71.06336500024098
 -71.10189850824771
 -71.06708346115504
 -71.10429431787648
 -71.05878682098663
 -71.05970910242573
 -71.04814060629654
 -71.08566212663452
 -71.06940876967543
 -71.05970910242573
 -71.09055618260567
 -71.08372404983604
 -71.06940876967543
 -71.06940876967543
 -71.09035418565783
 -71.06044007545574
 -71.10377843024641
 -71.00003920977797
 -71.05806626861045
 -71.14098778582976
 -71.04924948532906
 -71.0826082207054
 -71.08993418130714
 -71.11989955508469
 -71.08563401183545
 -71.08586851680782
 -71.07206425150255
 -71.06494744371356
 -71.07374288744732
 -71.08008805038727
 -71.14270449055681
 -71.0852719820049
 -71.05467932649397
 -71.06071728764758
 -71.0734727352688
 -71.0738862780023
 -71.07567086640586
 -71.07452167494773
 -71.05467932649397
 -71.0678695585154
 -71.10429431787648
 -71.06275940040133
 -71.07257992336157
 -71.08299865022084
 -71.09367343991535
 -71.0628599677172
 -71.08097517447082
 -71.05944705177532
 -71.05883334162647
 -71.06868237035653
 -71.0698460210843
 -71.06940876967543
 -71.05970910242573
 -71.09641854477414
 -71.08566212663452
 -71.12401947329023
 -71.05593195497872
 -71.06458096424923
 -71.0633826446263
 -71.0785009429336
 -71.06693296619078
 -71.09039049468309
 -71.05213281112022
 -71.06829562225163
 -71.08262277183324
 -71.09823048867534
 -71.10003720976789
 -71.10378919352958
 -71.08130134210003
 -71.03731210062125
 -71.06289400004533
 -71.06198606584843
 -71.05305224270579
 -71.08058632251677
 -71.0641388132386
 -71.14227491347742
 -71.09373071262159
 -71.02804009577999
 -71.06706881175673
 -71.06638351451842
 -71.14956408169027
 -71.08130134210003
 -71.05700886504823
 -71.1310061846102
 -71.06336500024098
 -71.10116817332445
 -71.0597056054912
 -71.07600196001
 -71.0691977210244
 -71.05195808971176
 -71.05593195497872
 -71.0791516658207
 -71.02981402967788
 -71.11152626308467
 -71.06685877879289
 -71.04540523521047
 -71.14697953712465
 -71.06296987361101
 -71.16896283195184
 -71.06016189113743
 -71.0781459205263
 -71.09670871880265
 -71.08508813271443
 -71.12887910832643
 -71.03293712317534
 -71.08563401183545
 -71.0994277699999
 -71.08032832550772
 -71.14856867684178
 -71.15158387902828
 -71.07001303942019
 -71.02804009577999
 -71.12062328404214
 -71.08179001067876
 -71.10429431787648
 -71.12094063494007
 -71.06373331020067
 -71.03989027005002
 -71.06206350909659
 -71.09211275538095
 -71.05369185878722
 -71.15049849975023
 -71.1558779667399
 -71.12560937092508
 -71.06866409706335
 -71.07645111113312
 -71.0791516658207
 -71.05936906127737
 -71.15116479257418
 -71.14117279823215
